m0 = -115.36938
m1 = 0.99956
m2 = 0.00092
n0 = -118.50485
n1 = 0.00089
n2 = -0.99945
RMS Error: 0.00743
